"date" "web" "bask_vol" "ind" "web_ind" "latency" "space" "sail" "edge_b" "active" "rest_exp" "care_young" "walk"
"25/06/2019" 1 0.31 1 "1_1" 18 "midle_basket" 0 0 0 0 0 0
"25/06/2019" 1 0.31 1 "1_1" 18 "midle_basket" 0 0 1 0 1 0
"26/06/2019" 1 0.31 1 "1_1" 18 "midle_basket" 0 0 1 0 1 0
"25/06/2019" 1 0.31 2 "1_2" 6 "midle_basket" 0 0 0 0 0 0
"25/06/2019" 1 0.31 2 "1_2" 6 "midle_basket" 0 0 1 0 1 0
"26/06/2019" 1 0.31 2 "1_2" 6 "midle_basket" 0 0 0 1 0 0
"25/06/2019" 1 0.31 3 "1_3" 57 "midle_basket" 0 0 0 0 0 0
"25/06/2019" 1 0.31 4 "1_4" 25 "edge_basket" 0 1 0 0 0 0
"25/06/2019" 1 0.31 4 "1_4" 25 "sail" 1 0 1 0 0 1
"26/06/2019" 1 0.31 4 "1_4" 25 "edge_basket" 0 1 0 1 0 0
"25/06/2019" 1 0.31 5 "1_5" 35 "edge_basket" 0 1 1 0 1 0
"25/06/2019" 1 0.31 5 "1_5" 35 "edge_basket" 0 1 1 0 1 0
"26/06/2019" 1 0.31 5 "1_5" 35 "edge_basket" 0 1 1 0 0 1
"25/06/2019" 1 0.31 6 "1_6" 30 "midle_basket" 0 0 0 1 0 0
"25/06/2019" 1 0.31 8 "1_8" 72 "midle_basket" 0 0 1 0 1 0
"26/06/2019" 1 0.31 8 "1_8" 72 "sail" 1 0 0 1 0 0
"25/06/2019" 1 0.31 9 "1_9" 11 "edge_basket" 0 1 1 0 0 1
"26/06/2019" 1 0.31 9 "1_9" 11 "sail" 1 0 1 0 0 1
"25/06/2019" 1 0.31 11 "1_11" 58 "midle_basket" 0 0 0 0 0 0
"26/06/2019" 1 0.31 12 "1_12" 15 "edge_basket" 0 1 1 0 1 0
"26/06/2019" 1 0.31 13 "1_13" 34 "edge_basket" 0 1 1 0 0 1
"25/06/2019" 2 0.43 1 "2_1" 17 "midle_basket" 0 0 0 0 0 0
"25/06/2019" 2 0.43 1 "2_1" 17 "sail" 1 0 1 0 0 1
"26/06/2019" 2 0.43 1 "2_1" 17 "sail" 1 0 1 0 0 1
"25/06/2019" 2 0.43 2 "2_2" 32 "midle_basket" 0 0 1 0 1 0
"26/06/2019" 2 0.43 2 "2_2" 32 "midle_basket" 0 0 0 0 0 0
"25/06/2019" 2 0.43 4 "2_4" 22 "edge_basket" 0 1 0 0 0 0
"25/06/2019" 2 0.43 4 "2_4" 22 "sail" 1 0 1 0 0 1
"26/06/2019" 2 0.43 4 "2_4" 22 "sail" 1 0 1 0 0 1
"25/06/2019" 2 0.43 6 "2_6" 11 "midle_basket" 0 0 0 0 0 0
"25/06/2019" 2 0.43 6 "2_6" 11 "midle_basket" 0 0 0 0 0 0
"26/06/2019" 2 0.43 6 "2_6" 11 "midle_basket" 0 0 0 0 0 0
"25/06/2019" 2 0.43 8 "2_8" 38 "sail" 1 0 1 0 0 1
"25/06/2019" 2 0.43 9 "2_9" 48 "edge_basket" 0 1 0 0 0 0
"25/06/2019" 2 0.43 9 "2_9" 48 "sail" 1 0 1 0 0 1
"25/06/2019" 2 0.43 11 "2_11" 19 "edge_basket" 0 1 0 0 0 0
"25/06/2019" 2 0.43 12 "2_12" 34 "edge_basket" 0 1 1 0 1 0
"26/06/2019" 2 0.43 12 "2_12" 34 "edge_basket" 0 1 0 0 0 0
"25/06/2019" 2 0.43 13 "2_13" 43 "edge_basket" 0 1 0 0 0 0
"25/06/2019" 2 0.43 13 "2_13" 43 "edge_basket" 0 1 0 0 0 0
"26/06/2019" 2 0.43 13 "2_13" 43 "edge_basket" 0 1 0 0 0 0
"25/06/2019" 3 0.36 1 "3_1" 28 "sail" 1 0 1 0 0 0
"25/06/2019" 3 0.36 1 "3_1" 28 "sail" 1 0 0 1 0 0
"26/06/2019" 3 0.36 1 "3_1" 28 "sail" 1 0 1 0 0 1
"25/06/2019" 3 0.36 2 "3_2" 59 "midle_basket" 0 0 0 0 0 0
"26/06/2019" 3 0.36 3 "3_3" 8 "midle_basket" 0 0 1 0 0 1
"25/06/2019" 3 0.36 4 "3_4" 52 "edge_basket" 0 1 1 0 0 1
"25/06/2019" 3 0.36 4 "3_4" 52 "edge_basket" 0 1 1 0 0 1
"26/06/2019" 3 0.36 4 "3_4" 52 "edge_basket" 0 1 0 0 0 0
"26/06/2019" 3 0.36 5 "3_5" 31 "edge_basket" 0 1 0 1 0 0
"25/06/2019" 3 0.36 7 "3_7" 87 "midle_basket" 0 0 0 0 0 0
"26/06/2019" 3 0.36 7 "3_7" 87 "midle_basket" 0 0 0 0 0 0
"25/06/2019" 3 0.36 8 "3_8" 12 "midle_basket" 0 0 0 0 0 0
"25/06/2019" 3 0.36 8 "3_8" 12 "sail" 1 0 1 0 0 1
"26/06/2019" 3 0.36 8 "3_8" 12 "sail" 1 0 1 0 0 1
"25/06/2019" 3 0.36 10 "3_10" 11 "midle_basket" 0 0 0 0 0 0
"25/06/2019" 3 0.36 10 "3_10" 11 "midle_basket" 0 0 0 0 0 0
"25/06/2019" 3 0.36 11 "3_11" 59 "midle_basket" 0 0 0 0 0 0
"25/06/2019" 3 0.36 12 "3_12" 18 "midle_basket" 0 0 0 0 0 0
"25/06/2019" 3 0.36 13 "3_13" 16 "midle_basket" 0 0 1 0 1 0
"26/06/2019" 3 0.36 13 "3_13" 16 "sail" 1 0 1 0 0 1
"25/06/2019" 3 0.36 14 "3_14" 34 "edge_basket" 0 1 1 0 0 1
"25/06/2019" 4 0.75 1 "4_1" 34 "edge_basket" 0 1 0 0 0 0
"25/06/2019" 4 0.75 1 "4_1" 34 "edge_basket" 0 1 0 0 0 0
"26/06/2019" 4 0.75 1 "4_1" 34 "edge_basket" 0 1 0 0 0 0
"25/06/2019" 4 0.75 2 "4_2" 19 "midle_basket" 0 0 0 0 0 0
"26/06/2019" 4 0.75 2 "4_2" 19 "midle_basket" 0 0 1 0 1 0
"25/06/2019" 4 0.75 3 "4_3" 52 "midle_basket" 0 0 0 0 0 0
"26/06/2019" 4 0.75 3 "4_3" 52 "midle_basket" 0 0 0 0 0 0
"26/06/2019" 4 0.75 4 "4_4" 135 "edge_basket" 0 1 0 0 0 0
"25/06/2019" 4 0.75 6 "4_6" 40 "midle_basket" 0 0 0 0 0 0
"25/06/2019" 4 0.75 6 "4_6" 40 "midle_basket" 0 0 0 0 0 0
"26/06/2019" 4 0.75 6 "4_6" 40 "midle_basket" 0 0 0 0 0 0
"25/06/2019" 4 0.75 7 "4_7" 37 "midle_basket" 0 0 1 0 1 0
"25/06/2019" 4 0.75 7 "4_7" 37 "midle_basket" 0 0 0 0 0 0
"26/06/2019" 4 0.75 7 "4_7" 37 "midle_basket" 0 0 0 0 0 0
"25/06/2019" 4 0.75 8 "4_8" 38 "midle_basket" 0 0 0 0 0 0
"25/06/2019" 4 0.75 10 "4_10" 90 "midle_basket" 0 0 0 0 0 0
"26/06/2019" 4 0.75 10 "4_10" 90 "midle_basket" 0 0 0 0 0 0
"25/06/2019" 4 0.75 12 "4_12" 26 "midle_basket" 0 0 0 0 0 0
"26/06/2019" 4 0.75 12 "4_12" 26 "midle_basket" 0 0 1 0 0 1
"25/06/2019" 4 0.75 13 "4_13" 31 "midle_basket" 0 0 1 0 0 1
"25/06/2019" 5 0.2 1 "5_1" 54 "midle_basket" 0 0 0 0 0 0
"25/06/2019" 5 0.2 1 "5_1" 54 "midle_basket" 0 0 0 1 0 0
"26/06/2019" 5 0.2 1 "5_1" 54 "midle_basket" 0 0 0 0 0 0
"25/06/2019" 5 0.2 2 "5_2" 46 "edge_basket" 0 1 1 0 1 0
"25/06/2019" 5 0.2 2 "5_2" 46 "edge_basket" 0 1 0 0 0 0
"26/06/2019" 5 0.2 2 "5_2" 46 "edge_basket" 0 1 0 0 0 0
"25/06/2019" 5 0.2 3 "5_3" 24 "midle_basket" 0 0 0 0 0 0
"26/06/2019" 5 0.2 3 "5_3" 24 "midle_basket" 0 0 0 0 0 0
"25/06/2019" 5 0.2 5 "5_5" 32 "edge_basket" 0 1 0 1 0 0
"25/06/2019" 5 0.2 5 "5_5" 32 "sail" 1 0 1 0 0 0
"26/06/2019" 5 0.2 5 "5_5" 32 "edge_basket" 0 1 1 0 1 0
"25/06/2019" 5 0.2 6 "5_6" 46 "edge_basket" 0 1 0 0 0 0
"26/06/2019" 5 0.2 6 "5_6" 46 "edge_basket" 0 1 1 0 1 0
"25/06/2019" 5 0.2 7 "5_7" 23 "midle_basket" 0 0 1 0 0 1
"25/06/2019" 5 0.2 8 "5_8" 10 "sail" 1 0 1 0 0 1
"25/06/2019" 5 0.2 9 "5_9" 25 "midle_basket" 0 0 0 1 0 0
"26/06/2019" 5 0.2 10 "5_10" 53 "midle_basket" 0 0 0 0 0 0
"25/06/2019" 5 0.2 11 "5_11" 57 "midle_basket" 0 0 0 0 0 0
"25/06/2019" 5 0.2 11 "5_11" 57 "sail" 1 0 1 0 0 1
"25/06/2019" 5 0.2 13 "5_13" 21 "edge_basket" 0 1 1 0 0 1
"26/06/2019" 5 0.2 13 "5_13" 21 "edge_basket" 0 1 1 0 1 0
"28/06/2019" 6 0.15 1 "6_1" 206 "midle_basket" 0 0 0 0 0 0
"27/06/2019" 6 0.15 2 "6_2" 150 "edge_basket" 0 1 1 0 0 1
"28/06/2019" 6 0.15 2 "6_2" 150 "edge_basket" 0 1 0 0 0 0
"27/06/2019" 6 0.15 4 "6_4" 54 "edge_basket" 0 1 1 0 1 0
"28/06/2019" 6 0.15 4 "6_4" 54 "edge_basket" 0 1 0 0 0 0
"27/06/2019" 6 0.15 5 "6_5" 27 "edge_basket" 0 1 0 0 0 0
"28/06/2019" 6 0.15 5 "6_5" 27 "edge_basket" 0 1 0 0 0 0
"27/06/2019" 6 0.15 6 "6_6" 113 "edge_basket" 0 1 0 0 0 0
"28/06/2019" 6 0.15 6 "6_6" 113 "sail" 1 0 1 0 0 1
"27/06/2019" 6 0.15 7 "6_7" 80 "midle_basket" 0 0 1 0 0 1
"27/06/2019" 6 0.15 8 "6_8" 14 "edge_basket" 0 1 1 0 0 0
"28/06/2019" 6 0.15 8 "6_8" 14 "edge_basket" 0 1 1 0 0 0
"27/06/2019" 6 0.15 9 "6_9" 68 "midle_basket" 0 0 0 0 0 0
"27/06/2019" 6 0.15 9 "6_9" 68 "midle_basket" 0 0 0 0 0 0
"28/06/2019" 6 0.15 9 "6_9" 68 "midle_basket" 0 0 0 0 0 0
"28/06/2019" 6 0.15 11 "6_11" 20 "edge_basket" 0 1 1 0 0 1
"27/06/2019" 6 0.15 12 "6_12" 15 "edge_basket" 0 1 0 0 0 0
"27/06/2019" 6 0.15 12 "6_12" 15 "edge_basket" 0 1 0 1 0 0
"28/06/2019" 6 0.15 12 "6_12" 15 "edge_basket" 0 1 0 0 0 0
"27/06/2019" 6 0.15 13 "6_13" 47 "sail" 1 0 1 0 0 1
"28/06/2019" 6 0.15 13 "6_13" 47 "midle_basket" 0 0 0 0 0 0
"27/06/2019" 7 0.19 2 "7_2" 142 "edge_basket" 0 1 0 0 0 0
"27/06/2019" 7 0.19 2 "7_2" 142 "edge_basket" 0 1 1 0 0 1
"27/06/2019" 7 0.19 3 "7_3" 71 "midle_basket" 0 0 0 0 0 0
"28/06/2019" 7 0.19 3 "7_3" 71 "midle_basket" 0 0 0 0 0 0
"27/06/2019" 7 0.19 4 "7_4" 101 "midle_basket" 0 0 0 0 0 0
"27/06/2019" 7 0.19 4 "7_4" 101 "midle_basket" 0 0 0 0 0 0
"28/06/2019" 7 0.19 4 "7_4" 101 "midle_basket" 0 0 0 0 0 0
"27/06/2019" 7 0.19 5 "7_5" 120 "edge_basket" 0 1 0 1 0 0
"27/06/2019" 7 0.19 5 "7_5" 120 "edge_basket" 0 1 0 1 0 0
"28/06/2019" 7 0.19 5 "7_5" 120 "edge_basket" 0 1 0 0 0 0
"27/06/2019" 7 0.19 6 "7_6" 101 "midle_basket" 0 0 0 0 0 0
"27/06/2019" 7 0.19 6 "7_6" 101 "midle_basket" 0 0 1 0 0 1
"28/06/2019" 7 0.19 6 "7_6" 101 "midle_basket" 0 0 0 0 0 0
"27/06/2019" 7 0.19 7 "7_7" 62 "sail" 1 0 0 1 0 0
"27/06/2019" 7 0.19 11 "7_11" 25 "midle_basket" 0 0 1 0 1 0
"27/06/2019" 7 0.19 11 "7_11" 25 "midle_basket" 0 0 1 0 0 1
"28/06/2019" 7 0.19 11 "7_11" 25 "midle_basket" 0 0 1 0 1 0
"28/06/2019" 8 0.07 2 "8_2" 89 "midle_basket" 0 0 0 1 0 0
"27/06/2019" 8 0.07 3 "8_3" 46 "midle_basket" 0 0 0 0 0 0
"28/06/2019" 8 0.07 3 "8_3" 46 "midle_basket" 0 0 0 0 0 0
"27/06/2019" 8 0.07 4 "8_4" 23 "midle_basket" 0 0 0 1 0 0
"28/06/2019" 8 0.07 4 "8_4" 23 "sail" 1 0 1 0 0 1
"27/06/2019" 8 0.07 5 "8_5" 157 "midle_basket" 0 0 0 0 0 0
"27/06/2019" 8 0.07 5 "8_5" 157 "midle_basket" 0 0 0 0 0 0
"28/06/2019" 8 0.07 5 "8_5" 157 "midle_basket" 0 0 0 1 0 0
"27/06/2019" 8 0.07 6 "8_6" 47 "midle_basket" 0 0 0 0 0 0
"28/06/2019" 8 0.07 6 "8_6" 47 "sail" 1 0 1 0 0 1
"27/06/2019" 8 0.07 7 "8_7" 18 "sail" 1 0 0 1 0 0
"27/06/2019" 8 0.07 7 "8_7" 18 "sail" 1 0 1 0 0 1
"27/06/2019" 8 0.07 8 "8_8" 49 "sail" 1 0 1 0 0 1
"28/06/2019" 8 0.07 8 "8_8" 49 "sail" 1 0 1 0 0 1
"27/06/2019" 8 0.07 9 "8_9" 60 "midle_basket" 0 0 0 0 0 0
"27/06/2019" 8 0.07 11 "8_11" 46 "midle_basket" 0 0 0 0 0 0
"27/06/2019" 8 0.07 11 "8_11" 46 "midle_basket" 0 0 0 0 0 0
"28/06/2019" 8 0.07 11 "8_11" 46 "midle_basket" 0 0 0 0 0 0
"27/06/2019" 9 0.18 1 "9_1" 80 "midle_basket" 0 0 1 0 0 0
"27/06/2019" 9 0.18 1 "9_1" 80 "midle_basket" 0 0 0 0 0 0
"28/06/2019" 9 0.18 1 "9_1" 80 "midle_basket" 0 0 0 0 0 0
"27/06/2019" 9 0.18 2 "9_2" 42 "midle_basket" 0 0 0 0 0 0
"27/06/2019" 9 0.18 2 "9_2" 42 "midle_basket" 0 0 0 0 0 0
"27/06/2019" 9 0.18 3 "9_3" 140 "edge_basket" 0 1 0 1 0 0
"27/06/2019" 9 0.18 3 "9_3" 140 "edge_basket" 0 1 0 1 0 0
"28/06/2019" 9 0.18 3 "9_3" 140 "edge_basket" 0 1 0 1 0 0
"27/06/2019" 9 0.18 4 "9_4" 35 "sail" 1 0 0 1 0 0
"27/06/2019" 9 0.18 4 "9_4" 35 "sail" 1 0 0 1 0 0
"27/06/2019" 9 0.18 5 "9_5" 86 "edge_basket" 0 1 0 0 0 0
"27/06/2019" 9 0.18 5 "9_5" 86 "edge_basket" 0 1 0 0 0 0
"28/06/2019" 9 0.18 5 "9_5" 86 "edge_basket" 0 1 0 0 0 0
"27/06/2019" 9 0.18 7 "9_7" 76 "midle_basket" 0 0 0 0 0 0
"27/06/2019" 9 0.18 7 "9_7" 76 "midle_basket" 0 0 0 0 0 0
"28/06/2019" 9 0.18 7 "9_7" 76 "midle_basket" 0 0 0 0 0 0
"28/06/2019" 9 0.18 8 "9_8" 59 "midle_basket" 0 0 0 0 0 0
"27/06/2019" 9 0.18 10 "9_10" 49 "midle_basket" 0 0 0 0 0 0
"27/06/2019" 9 0.18 10 "9_10" 49 "midle_basket" 0 0 0 0 0 0
"28/06/2019" 9 0.18 10 "9_10" 49 "midle_basket" 0 0 0 0 0 0
"27/06/2019" 9 0.18 12 "9_12" 85 "midle_basket" 0 0 1 0 0 0
"27/06/2019" 9 0.18 12 "9_12" 85 "midle_basket" 0 0 0 0 0 0
"28/06/2019" 9 0.18 12 "9_12" 85 "midle_basket" 0 0 0 0 0 0
"27/06/2019" 9 0.18 13 "9_13" 84 "sail" 1 0 0 1 0 0
"28/06/2019" 9 0.18 13 "9_13" 84 "edge_basket" 0 1 0 0 0 0
"27/06/2019" 9 0.18 14 "9_14" 32 "sail" 1 0 0 1 0 0
"27/06/2019" 9 0.18 14 "9_14" 32 "sail" 1 0 0 1 0 0
"28/06/2019" 9 0.18 14 "9_14" 32 "sail" 1 0 0 1 0 0
"27/06/2019" 10 0.36 1 "10_1" 16 "edge_basket" 0 1 0 1 0 0
"27/06/2019" 10 0.36 1 "10_1" 16 "sail" 1 0 1 0 0 1
"28/06/2019" 10 0.36 1 "10_1" 16 "edge_basket" 0 1 0 1 0 0
"27/06/2019" 10 0.36 2 "10_2" 23 "midle_basket" 0 0 1 0 1 0
"27/06/2019" 10 0.36 2 "10_2" 23 "midle_basket" 0 0 1 0 1 0
"28/06/2019" 10 0.36 2 "10_2" 23 "midle_basket" 0 0 1 0 1 0
"27/06/2019" 10 0.36 3 "10_3" 43 "edge_basket" 0 1 0 0 0 0
"27/06/2019" 10 0.36 3 "10_3" 43 "edge_basket" 0 1 0 0 0 0
"28/06/2019" 10 0.36 3 "10_3" 43 "edge_basket" 0 1 0 0 0 0
"27/06/2019" 10 0.36 4 "10_4" 39 "midle_basket" 0 0 0 0 0 0
"27/06/2019" 10 0.36 4 "10_4" 39 "midle_basket" 0 0 0 0 0 0
"28/06/2019" 10 0.36 4 "10_4" 39 "sail" 1 0 1 0 0 1
"27/06/2019" 10 0.36 5 "10_5" 18 "midle_basket" 0 0 0 0 0 0
"27/06/2019" 10 0.36 5 "10_5" 18 "midle_basket" 0 0 0 0 0 0
"28/06/2019" 10 0.36 5 "10_5" 18 "midle_basket" 0 0 0 0 0 0
"27/06/2019" 10 0.36 7 "10_7" 34 "midle_basket" 0 0 0 0 0 0
"27/06/2019" 10 0.36 7 "10_7" 34 "midle_basket" 0 0 0 0 0 0
"28/06/2019" 10 0.36 7 "10_7" 34 "midle_basket" 0 0 0 0 0 0
"27/06/2019" 10 0.36 10 "10_10" 25 "midle_basket" 0 0 0 0 0 0
"27/06/2019" 10 0.36 10 "10_10" 25 "midle_basket" 0 0 0 0 0 0
"28/06/2019" 10 0.36 10 "10_10" 25 "midle_basket" 0 0 0 0 0 0
"27/06/2019" 10 0.36 13 "10_13" 64 "midle_basket" 0 0 1 0 1 0
"27/06/2019" 10 0.36 13 "10_13" 64 "midle_basket" 0 0 1 0 1 0
"28/06/2019" 10 0.36 13 "10_13" 64 "midle_basket" 0 0 1 0 1 0
"27/06/2019" 11 0.17 1 "11_1" 172 "midle_basket" 0 0 0 0 0 0
"27/06/2019" 11 0.17 1 "11_1" 172 "midle_basket" 0 0 0 0 0 0
"28/06/2019" 11 0.17 1 "11_1" 172 "midle_basket" 0 0 0 0 0 0
"27/06/2019" 11 0.17 2 "11_2" 153 "midle_basket" 0 0 1 0 0 0
"27/06/2019" 11 0.17 2 "11_2" 153 "midle_basket" 0 0 0 0 0 0
"28/06/2019" 11 0.17 2 "11_2" 153 "midle_basket" 0 0 0 0 0 0
"27/06/2019" 11 0.17 3 "11_3" 47 "sail" 1 0 0 1 0 0
"28/06/2019" 11 0.17 4 "11_4" 76 "edge_basket" 0 1 0 0 0 0
"27/06/2019" 11 0.17 5 "11_5" 28 "sail" 1 0 1 0 0 1
"27/06/2019" 11 0.17 5 "11_5" 28 "edge_basket" 0 1 0 1 0 0
"27/06/2019" 11 0.17 6 "11_6" 131 "edge_basket" 0 1 0 0 0 0
"28/06/2019" 11 0.17 6 "11_6" 131 "edge_basket" 0 1 0 0 0 0
"27/06/2019" 11 0.17 7 "11_7" 70 "sail" 1 0 0 1 0 0
"27/06/2019" 11 0.17 8 "11_8" 45 "sail" 1 0 1 0 0 1
"28/06/2019" 11 0.17 8 "11_8" 45 "edge_basket" 0 1 0 0 0 0
"27/06/2019" 11 0.17 11 "11_11" 37 "midle_basket" 0 0 0 0 0 0
"27/06/2019" 11 0.17 11 "11_11" 37 "midle_basket" 0 0 0 0 0 0
"27/06/2019" 12 0.32 1 "12_1" 205 "edge_basket" 0 1 0 0 0 0
"28/06/2019" 12 0.32 1 "12_1" 205 "edge_basket" 0 1 0 0 0 0
"27/06/2019" 12 0.32 2 "12_2" 102 "edge_basket" 0 1 0 0 0 0
"28/06/2019" 12 0.32 2 "12_2" 102 "edge_basket" 0 1 0 0 0 0
"27/06/2019" 12 0.32 3 "12_3" 82 "edge_basket" 0 1 0 0 0 0
"28/06/2019" 12 0.32 3 "12_3" 82 "edge_basket" 0 1 0 0 0 0
"27/06/2019" 12 0.32 4 "12_4" 163 "midle_basket" 0 0 0 0 0 0
"27/06/2019" 12 0.32 4 "12_4" 163 "midle_basket" 0 0 0 0 0 0
"28/06/2019" 12 0.32 4 "12_4" 163 "midle_basket" 0 0 0 0 0 0
"27/06/2019" 12 0.32 6 "12_6" 223 "edge_basket" 0 1 0 0 0 0
"27/06/2019" 12 0.32 6 "12_6" 223 "edge_basket" 0 1 0 0 0 0
"28/06/2019" 12 0.32 6 "12_6" 223 "edge_basket" 0 1 0 0 0 0
"27/06/2019" 12 0.32 7 "12_7" 64 "edge_basket" 0 1 0 0 0 0
"28/06/2019" 12 0.32 7 "12_7" 64 "edge_basket" 0 1 0 0 0 0
"27/06/2019" 12 0.32 9 "12_9" 41 "edge_basket" 0 1 0 0 0 0
"27/06/2019" 12 0.32 10 "12_10" 189 "midle_basket" 0 0 0 0 0 0
"27/06/2019" 12 0.32 10 "12_10" 189 "midle_basket" 0 0 0 0 0 0
"28/06/2019" 12 0.32 10 "12_10" 189 "midle_basket" 0 0 0 0 0 0
"27/06/2019" 12 0.32 11 "12_11" 25 "midle_basket" 0 0 1 0 0 1
"27/06/2019" 12 0.32 13 "12_13" 229 "midle_basket" 0 0 1 0 0 1
"27/06/2019" 12 0.32 13 "12_13" 229 "midle_basket" 0 0 1 0 0 1
"28/06/2019" 12 0.32 13 "12_13" 229 "midle_basket" 0 0 1 0 0 1
"27/06/2019" 12 0.32 14 "12_14" 49 "edge_basket" 0 1 0 0 0 0
"28/06/2019" 12 0.32 14 "12_14" 49 "edge_basket" 0 1 0 0 0 0
